# MICROCHIP_TRIANGLE oracle trades from day 4 data
# Total expected profit: 431460
# Format: (entry_ts, side, qty, exit_ts)
ORACLE_TRADES = [
    (0, 'SELL', 10, 300),
    (400, 'BUY', 10, 900),
    (1000, 'BUY', 10, 1200),
    (1300, 'BUY', 10, 1700),
    (1800, 'SELL', 10, 2000),
    (2100, 'SELL', 10, 2500),
    (2600, 'BUY', 10, 3100),
    (3200, 'SELL', 10, 3700),
    (3800, 'SELL', 10, 4000),
    (4100, 'BUY', 10, 4300),
    (4400, 'SELL', 10, 4600),
    (4700, 'BUY', 10, 5200),
    (5300, 'SELL', 10, 5700),
    (5900, 'BUY', 10, 6100),
    (6200, 'BUY', 10, 6700),
    (6800, 'SELL', 10, 7000),
    (7100, 'BUY', 10, 7500),
    (8000, 'SELL', 10, 8500),
    (8600, 'BUY', 10, 9100),
    (9300, 'SELL', 10, 9700),
    (9800, 'SELL', 10, 10000),
    (10600, 'BUY', 10, 11100),
    (11200, 'SELL', 10, 11700),
    (11800, 'SELL', 10, 12100),
    (12200, 'BUY', 10, 12600),
    (12700, 'BUY', 10, 13000),
    (13200, 'BUY', 10, 13700),
    (13800, 'BUY', 10, 14300),
    (14400, 'SELL', 10, 14800),
    (15000, 'BUY', 10, 15500),
    (15600, 'SELL', 10, 16000),
    (16100, 'BUY', 10, 16600),
    (16700, 'SELL', 10, 17200),
    (17400, 'BUY', 10, 17900),
    (18300, 'BUY', 10, 18700),
    (18800, 'SELL', 10, 19300),
    (19400, 'SELL', 10, 19900),
    (20000, 'SELL', 10, 20300),
    (20400, 'SELL', 10, 20800),
    (20900, 'SELL', 10, 21300),
    (21400, 'BUY', 10, 21900),
    (22000, 'BUY', 10, 22500),
    (22600, 'BUY', 10, 22800),
    (23100, 'BUY', 10, 23400),
    (23800, 'BUY', 10, 24300),
    (24500, 'BUY', 10, 25000),
    (25100, 'SELL', 10, 25600),
    (25700, 'BUY', 10, 26000),
    (26300, 'SELL', 10, 26800),
    (27000, 'SELL', 10, 27500),
    (27600, 'SELL', 10, 28000),
    (28100, 'BUY', 10, 28400),
    (28500, 'SELL', 10, 28700),
    (28800, 'BUY', 10, 29200),
    (29300, 'SELL', 10, 29500),
    (29700, 'BUY', 10, 29900),
    (30000, 'BUY', 10, 30300),
    (30400, 'BUY', 10, 30600),
    (30700, 'SELL', 10, 31000),
    (31100, 'BUY', 10, 31500),
    (31600, 'BUY', 10, 32000),
    (32100, 'BUY', 10, 32600),
    (32700, 'BUY', 10, 33200),
    (33500, 'SELL', 10, 33900),
    (34000, 'SELL', 10, 34500),
    (34600, 'SELL', 10, 34700),
    (34800, 'BUY', 10, 35300),
    (35400, 'SELL', 10, 35900),
    (36000, 'SELL', 10, 36400),
    (36500, 'SELL', 10, 37000),
    (37100, 'BUY', 10, 37500),
    (37600, 'SELL', 10, 38100),
    (38200, 'SELL', 10, 38600),
    (38700, 'SELL', 10, 38900),
    (39000, 'BUY', 10, 39500),
    (39600, 'BUY', 10, 40100),
    (40200, 'BUY', 10, 40700),
    (40800, 'SELL', 10, 41300),
    (41400, 'BUY', 10, 41900),
    (42000, 'BUY', 10, 42400),
    (42600, 'BUY', 10, 42900),
    (43000, 'BUY', 10, 43300),
    (43400, 'BUY', 10, 43900),
    (44000, 'BUY', 10, 44500),
    (44600, 'SELL', 10, 45100),
    (45200, 'BUY', 10, 45400),
    (45500, 'BUY', 10, 46000),
    (46100, 'SELL', 10, 46500),
    (46600, 'BUY', 10, 47100),
    (47200, 'BUY', 10, 47500),
    (47700, 'BUY', 10, 48200),
    (48300, 'SELL', 10, 48700),
    (48800, 'BUY', 10, 49300),
    (49400, 'BUY', 10, 49900),
    (50000, 'BUY', 10, 50300),
    (50400, 'BUY', 10, 50800),
    (50900, 'SELL', 10, 51100),
    (51300, 'SELL', 10, 51700),
    (51800, 'BUY', 10, 51900),
    (52100, 'BUY', 10, 52600),
    (52700, 'SELL', 10, 53200),
    (53300, 'SELL', 10, 53800),
    (54500, 'BUY', 10, 55000),
    (55100, 'BUY', 10, 55200),
    (55400, 'BUY', 10, 55900),
    (56100, 'BUY', 10, 56600),
    (56800, 'BUY', 10, 57300),
    (57400, 'BUY', 10, 57800),
    (57900, 'SELL', 10, 58400),
    (58500, 'BUY', 10, 58900),
    (59600, 'SELL', 10, 60100),
    (60200, 'BUY', 10, 60300),
    (60500, 'BUY', 10, 60800),
    (60900, 'BUY', 10, 61300),
    (61400, 'SELL', 10, 61900),
    (62000, 'SELL', 10, 62100),
    (62200, 'BUY', 10, 62500),
    (62600, 'BUY', 10, 62800),
    (62900, 'BUY', 10, 63400),
    (63500, 'SELL', 10, 64000),
    (64100, 'SELL', 10, 64300),
    (64500, 'BUY', 10, 64900),
    (65000, 'BUY', 10, 65500),
    (65600, 'BUY', 10, 66100),
    (66200, 'SELL', 10, 66500),
    (66600, 'BUY', 10, 67000),
    (67100, 'BUY', 10, 67300),
    (67400, 'SELL', 10, 67800),
    (67900, 'SELL', 10, 68400),
    (68500, 'BUY', 10, 68900),
    (69000, 'SELL', 10, 69500),
    (69600, 'SELL', 10, 70100),
    (70200, 'BUY', 10, 70700),
    (70800, 'BUY', 10, 71100),
    (71200, 'BUY', 10, 71700),
    (71800, 'SELL', 10, 72100),
    (72200, 'SELL', 10, 72700),
    (72800, 'BUY', 10, 73300),
    (73400, 'BUY', 10, 73700),
    (73800, 'SELL', 10, 74000),
    (74100, 'BUY', 10, 74300),
    (74400, 'SELL', 10, 74900),
    (75000, 'BUY', 10, 75300),
    (75400, 'BUY', 10, 75800),
    (75900, 'SELL', 10, 76200),
    (76400, 'BUY', 10, 76600),
    (76700, 'BUY', 10, 77100),
    (77200, 'BUY', 10, 77600),
    (77700, 'SELL', 10, 77900),
    (78000, 'BUY', 10, 78500),
    (78900, 'SELL', 10, 79200),
    (79500, 'BUY', 10, 79900),
    (80000, 'BUY', 10, 80300),
    (80400, 'SELL', 10, 80900),
    (81000, 'BUY', 10, 81500),
    (81600, 'SELL', 10, 82000),
    (82200, 'SELL', 10, 82700),
    (82800, 'SELL', 10, 83200),
    (83300, 'BUY', 10, 83800),
    (83900, 'BUY', 10, 84400),
    (84600, 'BUY', 10, 85100),
    (85200, 'BUY', 10, 85700),
    (85800, 'BUY', 10, 86200),
    (86300, 'BUY', 10, 86700),
    (86800, 'BUY', 10, 87300),
    (87400, 'SELL', 10, 87700),
    (87800, 'SELL', 10, 88200),
    (88300, 'BUY', 10, 88500),
    (88700, 'BUY', 10, 89200),
    (89300, 'SELL', 10, 89600),
    (89700, 'BUY', 10, 90200),
    (90600, 'SELL', 10, 91100),
    (91600, 'SELL', 10, 91700),
    (92200, 'BUY', 10, 92500),
    (92600, 'SELL', 10, 92900),
    (93000, 'BUY', 10, 93200),
    (93400, 'BUY', 10, 93900),
    (94000, 'SELL', 10, 94300),
    (94400, 'BUY', 10, 94900),
    (95100, 'SELL', 10, 95600),
    (95700, 'SELL', 10, 96000),
    (96100, 'SELL', 10, 96600),
    (96700, 'SELL', 10, 97200),
    (97300, 'SELL', 10, 97800),
    (97900, 'SELL', 10, 98400),
    (98600, 'BUY', 10, 98800),
    (98900, 'SELL', 10, 99300),
    (99400, 'SELL', 10, 99600),
    (99700, 'BUY', 10, 100100),
    (100200, 'SELL', 10, 100700),
    (100800, 'SELL', 10, 100900),
    (101000, 'BUY', 10, 101300),
    (101400, 'BUY', 10, 101900),
    (102000, 'SELL', 10, 102500),
    (102600, 'SELL', 10, 103100),
    (103300, 'BUY', 10, 103800),
    (103900, 'BUY', 10, 104300),
    (104400, 'SELL', 10, 104900),
    (105000, 'SELL', 10, 105200),
    (105300, 'SELL', 10, 105800),
    (105900, 'SELL', 10, 106000),
    (106100, 'SELL', 10, 106600),
    (106700, 'SELL', 10, 106900),
    (107000, 'SELL', 10, 107500),
    (107600, 'SELL', 10, 108000),
    (108100, 'SELL', 10, 108600),
    (108700, 'SELL', 10, 109100),
    (109200, 'SELL', 10, 109700),
    (109800, 'SELL', 10, 110100),
    (110200, 'BUY', 10, 110400),
    (110700, 'BUY', 10, 111200),
    (111500, 'BUY', 10, 112000),
    (112200, 'BUY', 10, 112700),
    (112800, 'SELL', 10, 113200),
    (113300, 'BUY', 10, 113800),
    (113900, 'BUY', 10, 114300),
    (114400, 'BUY', 10, 114900),
    (115000, 'SELL', 10, 115300),
    (115400, 'SELL', 10, 115600),
    (115800, 'BUY', 10, 116100),
    (116200, 'SELL', 10, 116600),
    (116700, 'BUY', 10, 117000),
    (117500, 'BUY', 10, 118000),
    (118100, 'BUY', 10, 118200),
    (118500, 'BUY', 10, 119000),
    (119100, 'BUY', 10, 119400),
    (119500, 'BUY', 10, 119900),
    (120000, 'SELL', 10, 120500),
    (120600, 'BUY', 10, 121000),
    (121100, 'BUY', 10, 121600),
    (121700, 'BUY', 10, 122000),
    (122100, 'BUY', 10, 122300),
    (122400, 'SELL', 10, 122900),
    (123000, 'SELL', 10, 123500),
    (123700, 'BUY', 10, 124200),
    (124300, 'SELL', 10, 124800),
    (125000, 'BUY', 10, 125300),
    (125400, 'SELL', 10, 125800),
    (125900, 'SELL', 10, 126300),
    (126400, 'BUY', 10, 126900),
    (127000, 'SELL', 10, 127500),
    (127800, 'SELL', 10, 128000),
    (128400, 'BUY', 10, 128900),
    (129000, 'SELL', 10, 129200),
    (129300, 'BUY', 10, 129600),
    (129700, 'SELL', 10, 130200),
    (130300, 'BUY', 10, 130500),
    (130600, 'SELL', 10, 131100),
    (131200, 'BUY', 10, 131500),
    (131600, 'SELL', 10, 132100),
    (132300, 'SELL', 10, 132700),
    (133500, 'BUY', 10, 134000),
    (134100, 'BUY', 10, 134600),
    (134700, 'SELL', 10, 135200),
    (135300, 'SELL', 10, 135500),
    (135600, 'BUY', 10, 136100),
    (136200, 'SELL', 10, 136700),
    (136800, 'BUY', 10, 136900),
    (137000, 'SELL', 10, 137500),
    (137600, 'SELL', 10, 138100),
    (138200, 'SELL', 10, 138700),
    (138800, 'BUY', 10, 139200),
    (139300, 'BUY', 10, 139500),
    (139900, 'BUY', 10, 140400),
    (140500, 'BUY', 10, 141000),
    (141200, 'SELL', 10, 141700),
    (141800, 'SELL', 10, 142000),
    (142100, 'SELL', 10, 142600),
    (142700, 'SELL', 10, 143100),
    (143200, 'SELL', 10, 143400),
    (143500, 'BUY', 10, 143600),
    (143700, 'BUY', 10, 144200),
    (144300, 'SELL', 10, 144600),
    (145000, 'BUY', 10, 145500),
    (145600, 'BUY', 10, 146000),
    (146100, 'BUY', 10, 146600),
    (146700, 'BUY', 10, 147200),
    (147300, 'BUY', 10, 147800),
    (147900, 'SELL', 10, 148100),
    (148200, 'BUY', 10, 148500),
    (148600, 'SELL', 10, 149100),
    (149200, 'BUY', 10, 149400),
    (149900, 'SELL', 10, 150100),
    (150200, 'BUY', 10, 150400),
    (150500, 'BUY', 10, 151000),
    (151100, 'SELL', 10, 151600),
    (151700, 'SELL', 10, 152200),
    (152300, 'SELL', 10, 152700),
    (152800, 'BUY', 10, 153300),
    (153400, 'SELL', 10, 153900),
    (154000, 'BUY', 10, 154200),
    (154300, 'SELL', 10, 154800),
    (154900, 'BUY', 10, 155000),
    (155100, 'SELL', 10, 155600),
    (155700, 'BUY', 10, 156000),
    (156100, 'BUY', 10, 156600),
    (156700, 'SELL', 10, 157200),
    (157300, 'BUY', 10, 157700),
    (158100, 'BUY', 10, 158600),
    (158700, 'SELL', 10, 158900),
    (159100, 'BUY', 10, 159500),
    (159600, 'BUY', 10, 160100),
    (160600, 'SELL', 10, 160900),
    (161000, 'BUY', 10, 161500),
    (161600, 'BUY', 10, 161900),
    (162100, 'BUY', 10, 162600),
    (162700, 'BUY', 10, 162900),
    (163000, 'SELL', 10, 163400),
    (163500, 'BUY', 10, 163600),
    (163800, 'BUY', 10, 164100),
    (164200, 'SELL', 10, 164700),
    (165100, 'BUY', 10, 165600),
    (165700, 'SELL', 10, 166200),
    (166300, 'BUY', 10, 166700),
    (166800, 'BUY', 10, 167300),
    (167400, 'BUY', 10, 167900),
    (168000, 'BUY', 10, 168500),
    (168600, 'BUY', 10, 169100),
    (169200, 'BUY', 10, 169600),
    (169700, 'SELL', 10, 169900),
    (170000, 'BUY', 10, 170500),
    (170700, 'BUY', 10, 171100),
    (171200, 'BUY', 10, 171600),
    (171700, 'BUY', 10, 172200),
    (172300, 'SELL', 10, 172800),
    (172900, 'BUY', 10, 173200),
    (173800, 'SELL', 10, 174300),
    (174400, 'BUY', 10, 174900),
    (175000, 'SELL', 10, 175400),
    (175500, 'BUY', 10, 175800),
    (175900, 'BUY', 10, 176200),
    (176300, 'BUY', 10, 176800),
    (176900, 'SELL', 10, 177200),
    (177300, 'BUY', 10, 177700),
    (177800, 'SELL', 10, 178200),
    (178300, 'BUY', 10, 178600),
    (178700, 'BUY', 10, 179200),
    (179300, 'SELL', 10, 179700),
    (179800, 'BUY', 10, 180000),
    (180300, 'SELL', 10, 180800),
    (180900, 'SELL', 10, 181400),
    (181500, 'SELL', 10, 181600),
    (181700, 'SELL', 10, 182200),
    (182400, 'SELL', 10, 182700),
    (182800, 'SELL', 10, 183000),
    (183200, 'SELL', 10, 183500),
    (183600, 'SELL', 10, 183800),
    (183900, 'BUY', 10, 184200),
    (184300, 'BUY', 10, 184800),
    (184900, 'SELL', 10, 185400),
    (185500, 'BUY', 10, 186000),
    (186100, 'BUY', 10, 186300),
    (186400, 'BUY', 10, 186900),
    (187000, 'SELL', 10, 187500),
    (187600, 'SELL', 10, 188000),
    (188100, 'BUY', 10, 188600),
    (188700, 'SELL', 10, 189100),
    (189200, 'BUY', 10, 189700),
    (189800, 'SELL', 10, 190000),
    (190200, 'SELL', 10, 190500),
    (190600, 'SELL', 10, 191100),
    (191200, 'BUY', 10, 191700),
    (191900, 'SELL', 10, 192300),
    (192400, 'BUY', 10, 192900),
    (193000, 'SELL', 10, 193300),
    (193500, 'SELL', 10, 194000),
    (194100, 'BUY', 10, 194300),
    (194400, 'SELL', 10, 194900),
    (195000, 'SELL', 10, 195400),
    (195500, 'BUY', 10, 196000),
    (196100, 'SELL', 10, 196600),
    (196700, 'SELL', 10, 197200),
    (197300, 'BUY', 10, 197800),
    (197900, 'BUY', 10, 198400),
    (198500, 'SELL', 10, 198900),
    (199000, 'SELL', 10, 199100),
    (199200, 'BUY', 10, 199600),
    (199700, 'BUY', 10, 199900),
    (200000, 'SELL', 10, 200200),
    (200300, 'BUY', 10, 200700),
    (201100, 'SELL', 10, 201500),
    (201600, 'BUY', 10, 201800),
    (202000, 'SELL', 10, 202200),
    (202300, 'BUY', 10, 202800),
    (202900, 'BUY', 10, 203100),
    (203200, 'SELL', 10, 203600),
    (203700, 'BUY', 10, 204200),
    (204300, 'BUY', 10, 204600),
    (205000, 'BUY', 10, 205500),
    (205600, 'BUY', 10, 206000),
    (206100, 'SELL', 10, 206500),
    (206600, 'SELL', 10, 207100),
    (207200, 'SELL', 10, 207400),
    (207500, 'BUY', 10, 207900),
    (208100, 'SELL', 10, 208400),
    (208500, 'BUY', 10, 208800),
    (209200, 'SELL', 10, 209700),
    (209800, 'BUY', 10, 210300),
    (210600, 'BUY', 10, 211100),
    (211200, 'SELL', 10, 211500),
    (211600, 'SELL', 10, 212000),
    (212100, 'SELL', 10, 212600),
    (212700, 'SELL', 10, 213200),
    (213300, 'BUY', 10, 213500),
    (213600, 'SELL', 10, 213900),
    (214000, 'SELL', 10, 214500),
    (214600, 'SELL', 10, 214900),
    (215100, 'SELL', 10, 215300),
    (215400, 'SELL', 10, 215700),
    (215800, 'BUY', 10, 216100),
    (216200, 'SELL', 10, 216500),
    (216600, 'SELL', 10, 216900),
    (217000, 'SELL', 10, 217400),
    (217500, 'BUY', 10, 217700),
    (217800, 'SELL', 10, 218300),
    (218400, 'SELL', 10, 218900),
    (219000, 'SELL', 10, 219500),
    (219600, 'SELL', 10, 220100),
    (220200, 'SELL', 10, 220600),
    (220700, 'SELL', 10, 221200),
    (221400, 'SELL', 10, 221900),
    (222500, 'BUY', 10, 222900),
    (223500, 'BUY', 10, 224000),
    (224100, 'SELL', 10, 224200),
    (224300, 'BUY', 10, 224600),
    (224700, 'SELL', 10, 225100),
    (225200, 'SELL', 10, 225700),
    (226200, 'SELL', 10, 226700),
    (226900, 'BUY', 10, 227400),
    (227500, 'BUY', 10, 228000),
    (228100, 'SELL', 10, 228600),
    (228700, 'BUY', 10, 229200),
    (229300, 'SELL', 10, 229600),
    (229700, 'SELL', 10, 230100),
    (230200, 'SELL', 10, 230400),
    (230500, 'BUY', 10, 230900),
    (231100, 'SELL', 10, 231600),
    (231700, 'BUY', 10, 232100),
    (232200, 'SELL', 10, 232600),
    (232700, 'SELL', 10, 233200),
    (233300, 'SELL', 10, 233700),
    (233800, 'BUY', 10, 234200),
    (234300, 'BUY', 10, 234600),
    (234700, 'SELL', 10, 235200),
    (235300, 'SELL', 10, 235800),
    (235900, 'BUY', 10, 236400),
    (236800, 'SELL', 10, 237300),
    (237400, 'BUY', 10, 237800),
    (237900, 'SELL', 10, 238400),
    (238500, 'BUY', 10, 239000),
    (239100, 'BUY', 10, 239400),
    (239500, 'SELL', 10, 239900),
    (240200, 'SELL', 10, 240700),
    (240800, 'SELL', 10, 241000),
    (241300, 'BUY', 10, 241800),
    (241900, 'SELL', 10, 242200),
    (242400, 'SELL', 10, 242900),
    (243000, 'BUY', 10, 243500),
    (243600, 'SELL', 10, 244000),
    (244300, 'BUY', 10, 244600),
    (244900, 'SELL', 10, 245300),
    (245400, 'SELL', 10, 245900),
    (246000, 'BUY', 10, 246500),
    (246700, 'SELL', 10, 247200),
    (247500, 'BUY', 10, 248000),
    (248100, 'BUY', 10, 248600),
    (248700, 'SELL', 10, 249200),
    (249300, 'SELL', 10, 249800),
    (249900, 'BUY', 10, 250400),
    (250500, 'BUY', 10, 251000),
    (251100, 'SELL', 10, 251600),
    (251700, 'SELL', 10, 252100),
    (252200, 'SELL', 10, 252500),
    (252600, 'BUY', 10, 253000),
    (253100, 'BUY', 10, 253600),
    (253700, 'BUY', 10, 254000),
    (254100, 'BUY', 10, 254600),
    (254700, 'SELL', 10, 255200),
    (255300, 'BUY', 10, 255800),
    (255900, 'SELL', 10, 256200),
    (256300, 'BUY', 10, 256800),
    (256900, 'SELL', 10, 257200),
    (257300, 'SELL', 10, 257800),
    (257900, 'SELL', 10, 258400),
    (258500, 'SELL', 10, 258900),
    (259000, 'BUY', 10, 259300),
    (259500, 'BUY', 10, 259700),
    (260100, 'SELL', 10, 260600),
    (260700, 'BUY', 10, 261000),
    (261100, 'BUY', 10, 261600),
    (261900, 'SELL', 10, 262300),
    (262400, 'BUY', 10, 262700),
    (262800, 'SELL', 10, 263300),
    (263400, 'BUY', 10, 263900),
    (264100, 'SELL', 10, 264400),
    (264500, 'BUY', 10, 264700),
    (264800, 'SELL', 10, 265300),
    (265400, 'BUY', 10, 265900),
    (266000, 'SELL', 10, 266300),
    (266400, 'BUY', 10, 266500),
    (266600, 'SELL', 10, 266900),
    (267100, 'SELL', 10, 267400),
    (267600, 'SELL', 10, 268000),
    (268100, 'SELL', 10, 268400),
    (268500, 'SELL', 10, 269000),
    (269100, 'BUY', 10, 269600),
    (269700, 'SELL', 10, 270200),
    (270300, 'SELL', 10, 270800),
    (271200, 'BUY', 10, 271300),
    (271800, 'SELL', 10, 272300),
    (272400, 'BUY', 10, 272800),
    (273800, 'SELL', 10, 274100),
    (274300, 'SELL', 10, 274800),
    (274900, 'SELL', 10, 275100),
    (275400, 'SELL', 10, 275900),
    (276100, 'BUY', 10, 276600),
    (276700, 'SELL', 10, 277200),
    (277300, 'BUY', 10, 277800),
    (277900, 'BUY', 10, 278100),
    (278200, 'SELL', 10, 278700),
    (278800, 'SELL', 10, 279200),
    (279500, 'SELL', 10, 280000),
    (280100, 'BUY', 10, 280300),
    (280400, 'SELL', 10, 280700),
    (280800, 'BUY', 10, 281000),
    (281100, 'BUY', 10, 281600),
    (281700, 'SELL', 10, 282100),
    (282400, 'BUY', 10, 282900),
    (283000, 'BUY', 10, 283300),
    (283400, 'SELL', 10, 283600),
    (283800, 'BUY', 10, 284300),
    (284400, 'BUY', 10, 284900),
    (285600, 'BUY', 10, 286000),
    (286100, 'SELL', 10, 286600),
    (286900, 'BUY', 10, 287200),
    (287300, 'SELL', 10, 287600),
    (288200, 'SELL', 10, 288700),
    (288800, 'BUY', 10, 289300),
    (289400, 'BUY', 10, 289700),
    (289800, 'SELL', 10, 290300),
    (290400, 'BUY', 10, 290600),
    (290700, 'SELL', 10, 291200),
    (291300, 'BUY', 10, 291500),
    (291600, 'BUY', 10, 292100),
    (292200, 'BUY', 10, 292700),
    (292800, 'SELL', 10, 292900),
    (293100, 'SELL', 10, 293600),
    (293700, 'BUY', 10, 294200),
    (294300, 'SELL', 10, 294800),
    (294900, 'SELL', 10, 295300),
    (295400, 'SELL', 10, 295900),
    (296300, 'BUY', 10, 296700),
    (296800, 'BUY', 10, 297300),
    (297400, 'BUY', 10, 297900),
    (298000, 'BUY', 10, 298500),
    (298600, 'SELL', 10, 299000),
    (299100, 'BUY', 10, 299500),
    (299600, 'BUY', 10, 299900),
    (300000, 'BUY', 10, 300500),
    (300600, 'BUY', 10, 301100),
    (302000, 'SELL', 10, 302500),
    (302600, 'SELL', 10, 303100),
    (303400, 'BUY', 10, 303900),
    (304000, 'SELL', 10, 304300),
    (304400, 'SELL', 10, 304700),
    (304800, 'BUY', 10, 305200),
    (305300, 'SELL', 10, 305800),
    (305900, 'SELL', 10, 306200),
    (306300, 'BUY', 10, 306700),
    (306800, 'SELL', 10, 307200),
    (307300, 'SELL', 10, 307700),
    (307800, 'BUY', 10, 308200),
    (308300, 'BUY', 10, 308600),
    (308900, 'BUY', 10, 309400),
    (309500, 'BUY', 10, 309700),
    (310300, 'BUY', 10, 310800),
    (310900, 'BUY', 10, 311400),
    (311600, 'SELL', 10, 311800),
    (311900, 'SELL', 10, 312300),
    (312400, 'BUY', 10, 312800),
    (312900, 'SELL', 10, 313100),
    (313200, 'BUY', 10, 313600),
    (313900, 'BUY', 10, 314400),
    (314800, 'SELL', 10, 315300),
    (315400, 'SELL', 10, 315500),
    (315600, 'BUY', 10, 316100),
    (316500, 'SELL', 10, 316700),
    (316800, 'BUY', 10, 317200),
    (317300, 'BUY', 10, 317800),
    (317900, 'SELL', 10, 318300),
    (318400, 'SELL', 10, 318900),
    (319000, 'SELL', 10, 319500),
    (319600, 'BUY', 10, 319900),
    (320000, 'SELL', 10, 320500),
    (320600, 'SELL', 10, 320800),
    (320900, 'BUY', 10, 321400),
    (321600, 'SELL', 10, 321800),
    (322300, 'BUY', 10, 322800),
    (323100, 'SELL', 10, 323600),
    (324200, 'BUY', 10, 324600),
    (324800, 'SELL', 10, 325300),
    (325400, 'BUY', 10, 325800),
    (325900, 'SELL', 10, 326400),
    (326500, 'SELL', 10, 327000),
    (327100, 'SELL', 10, 327600),
    (327700, 'BUY', 10, 328100),
    (328200, 'SELL', 10, 328700),
    (328800, 'BUY', 10, 329100),
    (329200, 'BUY', 10, 329700),
    (329800, 'BUY', 10, 330300),
    (330500, 'SELL', 10, 331000),
    (331100, 'SELL', 10, 331600),
    (331800, 'SELL', 10, 332300),
    (332500, 'SELL', 10, 332900),
    (333000, 'BUY', 10, 333500),
    (333800, 'BUY', 10, 334300),
    (334500, 'BUY', 10, 335000),
    (335100, 'SELL', 10, 335500),
    (335600, 'SELL', 10, 335900),
    (336000, 'BUY', 10, 336500),
    (336700, 'SELL', 10, 337200),
    (337300, 'SELL', 10, 337600),
    (337700, 'SELL', 10, 338000),
    (338100, 'SELL', 10, 338600),
    (338700, 'BUY', 10, 339200),
    (339300, 'SELL', 10, 339800),
    (340000, 'SELL', 10, 340500),
    (340600, 'SELL', 10, 341100),
    (341200, 'BUY', 10, 341500),
    (341600, 'SELL', 10, 342000),
    (342100, 'SELL', 10, 342600),
    (342700, 'BUY', 10, 343200),
    (343400, 'BUY', 10, 343900),
    (344000, 'SELL', 10, 344400),
    (344500, 'BUY', 10, 344800),
    (345000, 'SELL', 10, 345500),
    (345700, 'BUY', 10, 346000),
    (346100, 'SELL', 10, 346600),
    (346700, 'BUY', 10, 347200),
    (347300, 'SELL', 10, 347500),
    (347600, 'SELL', 10, 348100),
    (348500, 'SELL', 10, 349000),
    (349100, 'BUY', 10, 349200),
    (349300, 'BUY', 10, 349700),
    (349800, 'BUY', 10, 350300),
    (350400, 'BUY', 10, 350900),
    (351100, 'BUY', 10, 351600),
    (351700, 'BUY', 10, 351800),
    (352200, 'BUY', 10, 352300),
    (352400, 'SELL', 10, 352900),
    (353000, 'BUY', 10, 353400),
    (353500, 'BUY', 10, 354000),
    (354100, 'SELL', 10, 354600),
    (354700, 'BUY', 10, 355200),
    (355300, 'SELL', 10, 355600),
    (355700, 'SELL', 10, 356000),
    (356100, 'BUY', 10, 356600),
    (356700, 'SELL', 10, 357000),
    (357100, 'BUY', 10, 357300),
    (357400, 'SELL', 10, 357900),
    (358000, 'SELL', 10, 358500),
    (358600, 'BUY', 10, 359100),
    (359400, 'BUY', 10, 359900),
    (360000, 'SELL', 10, 360400),
    (360500, 'SELL', 10, 360700),
    (360800, 'BUY', 10, 361300),
    (361400, 'BUY', 10, 361600),
    (361700, 'SELL', 10, 362200),
    (362300, 'SELL', 10, 362700),
    (362800, 'SELL', 10, 363300),
    (363400, 'SELL', 10, 363700),
    (363800, 'BUY', 10, 363900),
    (364000, 'SELL', 10, 364300),
    (364400, 'BUY', 10, 364700),
    (364800, 'SELL', 10, 365300),
    (365400, 'BUY', 10, 365900),
    (366400, 'BUY', 10, 366900),
    (367400, 'BUY', 10, 367700),
    (367800, 'BUY', 10, 368200),
    (368400, 'SELL', 10, 368900),
    (369000, 'BUY', 10, 369500),
    (369600, 'SELL', 10, 369900),
    (370000, 'SELL', 10, 370500),
    (370600, 'SELL', 10, 371100),
    (371200, 'SELL', 10, 371700),
    (371800, 'BUY', 10, 372000),
    (372100, 'SELL', 10, 372600),
    (373300, 'BUY', 10, 373800),
    (373900, 'BUY', 10, 374200),
    (374300, 'BUY', 10, 374700),
    (374900, 'SELL', 10, 375400),
    (375600, 'SELL', 10, 375900),
    (376000, 'SELL', 10, 376500),
    (376600, 'SELL', 10, 376900),
    (377000, 'BUY', 10, 377200),
    (377300, 'SELL', 10, 377400),
    (377800, 'SELL', 10, 378300),
    (378400, 'SELL', 10, 378700),
    (378800, 'BUY', 10, 379300),
    (379600, 'BUY', 10, 380100),
    (380200, 'SELL', 10, 380500),
    (380600, 'SELL', 10, 380900),
    (381000, 'BUY', 10, 381100),
    (381300, 'BUY', 10, 381800),
    (381900, 'SELL', 10, 382300),
    (382700, 'SELL', 10, 383200),
    (383300, 'SELL', 10, 383800),
    (383900, 'SELL', 10, 384200),
    (384300, 'BUY', 10, 384800),
    (384900, 'BUY', 10, 385200),
    (385300, 'SELL', 10, 385800),
    (385900, 'BUY', 10, 386300),
    (386400, 'BUY', 10, 386800),
    (386900, 'BUY', 10, 387400),
    (387500, 'BUY', 10, 387600),
    (387700, 'BUY', 10, 388200),
    (388300, 'BUY', 10, 388400),
    (388500, 'SELL', 10, 389000),
    (389400, 'BUY', 10, 389900),
    (390000, 'SELL', 10, 390400),
    (390500, 'SELL', 10, 391000),
    (391100, 'SELL', 10, 391300),
    (391400, 'SELL', 10, 391800),
    (391900, 'SELL', 10, 392200),
    (392300, 'BUY', 10, 392500),
    (392600, 'SELL', 10, 393100),
    (393200, 'BUY', 10, 393700),
    (394000, 'BUY', 10, 394500),
    (394700, 'BUY', 10, 395200),
    (395300, 'SELL', 10, 395400),
    (395500, 'BUY', 10, 396000),
    (396100, 'SELL', 10, 396600),
    (396700, 'BUY', 10, 397200),
    (397300, 'SELL', 10, 397700),
    (397800, 'SELL', 10, 398300),
    (398400, 'SELL', 10, 398900),
    (399000, 'BUY', 10, 399500),
    (399600, 'BUY', 10, 399700),
    (399800, 'SELL', 10, 399900),
    (400900, 'BUY', 10, 401400),
    (401500, 'BUY', 10, 402000),
    (402100, 'BUY', 10, 402600),
    (402700, 'BUY', 10, 403200),
    (403300, 'BUY', 10, 403500),
    (403600, 'BUY', 10, 403900),
    (404000, 'BUY', 10, 404400),
    (404800, 'SELL', 10, 405300),
    (405400, 'SELL', 10, 405800),
    (405900, 'BUY', 10, 406400),
    (406500, 'SELL', 10, 406900),
    (407100, 'BUY', 10, 407300),
    (407400, 'SELL', 10, 407900),
    (408000, 'SELL', 10, 408500),
    (408600, 'SELL', 10, 408900),
    (409000, 'SELL', 10, 409300),
    (409400, 'BUY', 10, 409900),
    (410100, 'BUY', 10, 410600),
    (410800, 'BUY', 10, 410900),
    (411000, 'SELL', 10, 411400),
    (411500, 'SELL', 10, 411600),
    (412100, 'SELL', 10, 412600),
    (412700, 'BUY', 10, 413200),
    (413400, 'BUY', 10, 413900),
    (414000, 'SELL', 10, 414500),
    (414600, 'SELL', 10, 415100),
    (415200, 'BUY', 10, 415500),
    (415600, 'SELL', 10, 415900),
    (416000, 'SELL', 10, 416500),
    (416700, 'SELL', 10, 416900),
    (417000, 'BUY', 10, 417400),
    (417500, 'SELL', 10, 418000),
    (418300, 'BUY', 10, 418700),
    (418800, 'SELL', 10, 419000),
    (419100, 'BUY', 10, 419500),
    (419700, 'BUY', 10, 420000),
    (420100, 'SELL', 10, 420200),
    (420400, 'SELL', 10, 420900),
    (421000, 'SELL', 10, 421300),
    (421400, 'SELL', 10, 421600),
    (421700, 'BUY', 10, 422200),
    (422300, 'SELL', 10, 422600),
    (422700, 'BUY', 10, 423100),
    (423200, 'SELL', 10, 423500),
    (423600, 'SELL', 10, 424100),
    (424200, 'BUY', 10, 424500),
    (424600, 'BUY', 10, 424800),
    (424900, 'SELL', 10, 425300),
    (425800, 'BUY', 10, 426300),
    (426900, 'BUY', 10, 427400),
    (427500, 'BUY', 10, 427800),
    (427900, 'BUY', 10, 428200),
    (428300, 'SELL', 10, 428600),
    (428800, 'SELL', 10, 429100),
    (429200, 'BUY', 10, 429600),
    (429700, 'BUY', 10, 430000),
    (430100, 'BUY', 10, 430400),
    (430500, 'BUY', 10, 431000),
    (431100, 'SELL', 10, 431600),
    (431900, 'SELL', 10, 432400),
    (432500, 'SELL', 10, 432600),
    (433100, 'BUY', 10, 433600),
    (433700, 'SELL', 10, 434000),
    (434400, 'BUY', 10, 434800),
    (434900, 'SELL', 10, 435100),
    (435200, 'BUY', 10, 435500),
    (435600, 'BUY', 10, 436100),
    (436200, 'BUY', 10, 436300),
    (436500, 'SELL', 10, 437000),
    (437100, 'BUY', 10, 437600),
    (437700, 'SELL', 10, 437900),
    (438000, 'BUY', 10, 438500),
    (438700, 'SELL', 10, 439200),
    (439300, 'SELL', 10, 439800),
    (439900, 'BUY', 10, 440400),
    (440500, 'BUY', 10, 440600),
    (440700, 'SELL', 10, 441100),
    (441200, 'BUY', 10, 441700),
    (441800, 'BUY', 10, 442100),
    (442200, 'SELL', 10, 442400),
    (442500, 'BUY', 10, 442800),
    (442900, 'SELL', 10, 443100),
    (443200, 'SELL', 10, 443700),
    (443800, 'SELL', 10, 444200),
    (444300, 'BUY', 10, 444800),
    (444900, 'BUY', 10, 445300),
    (445400, 'BUY', 10, 445900),
    (446000, 'SELL', 10, 446400),
    (446500, 'BUY', 10, 446800),
    (446900, 'SELL', 10, 447200),
    (447300, 'SELL', 10, 447800),
    (447900, 'BUY', 10, 448300),
    (448400, 'BUY', 10, 448700),
    (448800, 'SELL', 10, 449200),
    (449300, 'BUY', 10, 449600),
    (449700, 'SELL', 10, 450100),
    (450200, 'BUY', 10, 450500),
    (450600, 'SELL', 10, 451100),
    (451200, 'BUY', 10, 451500),
    (451600, 'SELL', 10, 452000),
    (452400, 'SELL', 10, 452800),
    (452900, 'BUY', 10, 453100),
    (453200, 'SELL', 10, 453700),
    (453800, 'SELL', 10, 454200),
    (454300, 'SELL', 10, 454800),
    (454900, 'SELL', 10, 455200),
    (455400, 'SELL', 10, 455800),
    (455900, 'BUY', 10, 456300),
    (456400, 'SELL', 10, 456900),
    (457000, 'BUY', 10, 457400),
    (457500, 'SELL', 10, 458000),
    (459000, 'BUY', 10, 459300),
    (459400, 'SELL', 10, 459800),
    (459900, 'BUY', 10, 460100),
    (460200, 'SELL', 10, 460700),
    (460900, 'SELL', 10, 461400),
    (461700, 'BUY', 10, 462200),
    (462300, 'SELL', 10, 462500),
    (462600, 'BUY', 10, 463100),
    (463200, 'BUY', 10, 463600),
    (463700, 'BUY', 10, 464000),
    (464200, 'SELL', 10, 464700),
    (464800, 'BUY', 10, 465300),
    (465500, 'SELL', 10, 465700),
    (465800, 'BUY', 10, 466300),
    (466400, 'BUY', 10, 466800),
    (466900, 'BUY', 10, 467200),
    (467300, 'SELL', 10, 467700),
    (468000, 'BUY', 10, 468500),
    (468600, 'BUY', 10, 469100),
    (469200, 'BUY', 10, 469700),
    (469800, 'BUY', 10, 470300),
    (470400, 'SELL', 10, 470700),
    (470900, 'BUY', 10, 471400),
    (471500, 'BUY', 10, 472000),
    (472100, 'BUY', 10, 472500),
    (472700, 'BUY', 10, 473000),
    (473100, 'BUY', 10, 473300),
    (473400, 'SELL', 10, 473900),
    (474000, 'BUY', 10, 474500),
    (474600, 'BUY', 10, 475000),
    (475300, 'SELL', 10, 475800),
    (475900, 'SELL', 10, 476100),
    (476300, 'BUY', 10, 476700),
    (476800, 'SELL', 10, 477200),
    (477300, 'SELL', 10, 477600),
    (477700, 'BUY', 10, 477800),
    (477900, 'BUY', 10, 478300),
    (478400, 'SELL', 10, 478900),
    (479000, 'SELL', 10, 479400),
    (479600, 'SELL', 10, 480100),
    (480200, 'SELL', 10, 480600),
    (480700, 'BUY', 10, 481000),
    (481100, 'SELL', 10, 481600),
    (481700, 'BUY', 10, 481900),
    (482300, 'BUY', 10, 482800),
    (482900, 'SELL', 10, 483200),
    (483500, 'BUY', 10, 484000),
    (484100, 'BUY', 10, 484600),
    (484700, 'SELL', 10, 485100),
    (485200, 'SELL', 10, 485600),
    (485700, 'SELL', 10, 486200),
    (487200, 'SELL', 10, 487700),
    (487800, 'SELL', 10, 488300),
    (488400, 'SELL', 10, 488900),
    (489000, 'SELL', 10, 489200),
    (489300, 'SELL', 10, 489800),
    (490100, 'BUY', 10, 490300),
    (490400, 'SELL', 10, 490900),
    (491100, 'SELL', 10, 491600),
    (491700, 'SELL', 10, 492200),
    (492500, 'BUY', 10, 492800),
    (492900, 'SELL', 10, 493100),
    (493600, 'SELL', 10, 494100),
    (494200, 'BUY', 10, 494700),
    (494800, 'BUY', 10, 495100),
    (495200, 'BUY', 10, 495500),
    (495600, 'BUY', 10, 496100),
    (496200, 'BUY', 10, 496600),
    (496700, 'BUY', 10, 497200),
    (497400, 'SELL', 10, 497700),
    (497800, 'BUY', 10, 498000),
    (498100, 'BUY', 10, 498300),
    (498500, 'SELL', 10, 498800),
    (499000, 'SELL', 10, 499100),
    (499600, 'SELL', 10, 500000),
    (500100, 'SELL', 10, 500600),
    (500800, 'BUY', 10, 501300),
    (501400, 'BUY', 10, 501900),
    (502000, 'BUY', 10, 502400),
    (502500, 'SELL', 10, 502800),
    (502900, 'SELL', 10, 503400),
    (503500, 'BUY', 10, 504000),
    (504500, 'BUY', 10, 504800),
    (504900, 'BUY', 10, 505400),
    (505500, 'SELL', 10, 505700),
    (505800, 'BUY', 10, 506000),
    (506100, 'SELL', 10, 506300),
    (506800, 'BUY', 10, 507300),
    (507500, 'SELL', 10, 508000),
    (508100, 'BUY', 10, 508600),
    (508700, 'BUY', 10, 509100),
    (509200, 'SELL', 10, 509400),
    (509600, 'BUY', 10, 509900),
    (510000, 'SELL', 10, 510100),
    (510300, 'SELL', 10, 510600),
    (510700, 'BUY', 10, 511000),
    (511100, 'SELL', 10, 511600),
    (512000, 'SELL', 10, 512500),
    (512600, 'BUY', 10, 512900),
    (513000, 'SELL', 10, 513500),
    (513600, 'SELL', 10, 514000),
    (514200, 'BUY', 10, 514700),
    (514800, 'BUY', 10, 515200),
    (515300, 'SELL', 10, 515600),
    (515700, 'SELL', 10, 516200),
    (516300, 'BUY', 10, 516800),
    (516900, 'SELL', 10, 517400),
    (517500, 'BUY', 10, 518000),
    (518100, 'SELL', 10, 518600),
    (518700, 'SELL', 10, 519200),
    (519300, 'BUY', 10, 519700),
    (520000, 'BUY', 10, 520500),
    (521200, 'BUY', 10, 521600),
    (521800, 'BUY', 10, 522300),
    (522500, 'BUY', 10, 523000),
    (523100, 'SELL', 10, 523500),
    (523700, 'SELL', 10, 524200),
    (524300, 'BUY', 10, 524500),
    (524600, 'SELL', 10, 525100),
    (525200, 'BUY', 10, 525700),
    (525900, 'BUY', 10, 526200),
    (526300, 'SELL', 10, 526600),
    (526700, 'BUY', 10, 527200),
    (527300, 'SELL', 10, 527700),
    (527900, 'BUY', 10, 528400),
    (528700, 'BUY', 10, 529200),
    (529400, 'BUY', 10, 529900),
    (530100, 'BUY', 10, 530300),
    (530400, 'SELL', 10, 530700),
    (530800, 'BUY', 10, 531300),
    (531400, 'BUY', 10, 531500),
    (531600, 'SELL', 10, 531700),
    (531900, 'SELL', 10, 532300),
    (532500, 'BUY', 10, 533000),
    (533100, 'SELL', 10, 533600),
    (533700, 'SELL', 10, 534200),
    (534300, 'SELL', 10, 534600),
    (534700, 'SELL', 10, 535100),
    (535200, 'SELL', 10, 535700),
    (535800, 'SELL', 10, 536100),
    (536200, 'SELL', 10, 536600),
    (536800, 'SELL', 10, 537300),
    (537900, 'BUY', 10, 538400),
    (538500, 'SELL', 10, 539000),
    (539100, 'SELL', 10, 539600),
    (539700, 'BUY', 10, 540200),
    (540300, 'BUY', 10, 540600),
    (540700, 'BUY', 10, 541200),
    (541300, 'BUY', 10, 541800),
    (541900, 'SELL', 10, 542000),
    (542100, 'BUY', 10, 542600),
    (542700, 'SELL', 10, 543200),
    (543300, 'BUY', 10, 543700),
    (543800, 'SELL', 10, 544300),
    (544400, 'BUY', 10, 544700),
    (544900, 'BUY', 10, 545400),
    (545500, 'BUY', 10, 545900),
    (546100, 'SELL', 10, 546600),
    (546700, 'BUY', 10, 546900),
    (547200, 'BUY', 10, 547700),
    (547800, 'SELL', 10, 548200),
    (548300, 'SELL', 10, 548700),
    (548900, 'BUY', 10, 549200),
    (549300, 'SELL', 10, 549700),
    (549800, 'BUY', 10, 550200),
    (550700, 'BUY', 10, 551200),
    (551300, 'BUY', 10, 551700),
    (551900, 'BUY', 10, 552100),
    (552200, 'SELL', 10, 552700),
    (552800, 'BUY', 10, 553300),
    (553400, 'SELL', 10, 553900),
    (554000, 'SELL', 10, 554500),
    (554700, 'BUY', 10, 555100),
    (555300, 'BUY', 10, 555800),
    (555900, 'BUY', 10, 556200),
    (556300, 'BUY', 10, 556700),
    (556800, 'SELL', 10, 557200),
    (557300, 'BUY', 10, 557800),
    (557900, 'SELL', 10, 558300),
    (558400, 'SELL', 10, 558800),
    (558900, 'SELL', 10, 559300),
    (559400, 'SELL', 10, 559900),
    (560300, 'BUY', 10, 560400),
    (560800, 'BUY', 10, 561300),
    (561400, 'SELL', 10, 561900),
    (562200, 'SELL', 10, 562500),
    (562600, 'BUY', 10, 563100),
    (563200, 'BUY', 10, 563400),
    (564000, 'SELL', 10, 564300),
    (564400, 'BUY', 10, 564900),
    (565000, 'SELL', 10, 565400),
    (565900, 'SELL', 10, 566400),
    (566500, 'BUY', 10, 566900),
    (567000, 'SELL', 10, 567500),
    (567600, 'BUY', 10, 567900),
    (568000, 'SELL', 10, 568300),
    (568400, 'BUY', 10, 568800),
    (568900, 'BUY', 10, 569100),
    (569200, 'BUY', 10, 569600),
    (569700, 'BUY', 10, 570200),
    (570300, 'SELL', 10, 570700),
    (570900, 'BUY', 10, 571400),
    (571500, 'SELL', 10, 572000),
    (572400, 'BUY', 10, 572900),
    (573000, 'BUY', 10, 573400),
    (573500, 'SELL', 10, 574000),
    (574100, 'BUY', 10, 574200),
    (574500, 'SELL', 10, 574700),
    (574800, 'BUY', 10, 575300),
    (575400, 'SELL', 10, 575700),
    (575800, 'SELL', 10, 576200),
    (576300, 'BUY', 10, 576600),
    (576700, 'BUY', 10, 577200),
    (577300, 'BUY', 10, 577600),
    (577700, 'SELL', 10, 578000),
    (578100, 'SELL', 10, 578300),
    (578400, 'BUY', 10, 578700),
    (578800, 'SELL', 10, 579100),
    (579400, 'BUY', 10, 579900),
    (580000, 'SELL', 10, 580400),
    (580500, 'SELL', 10, 580800),
    (580900, 'SELL', 10, 581400),
    (581500, 'BUY', 10, 581800),
    (581900, 'SELL', 10, 582300),
    (582400, 'BUY', 10, 582900),
    (583000, 'BUY', 10, 583300),
    (583700, 'SELL', 10, 584200),
    (584300, 'BUY', 10, 584700),
    (584800, 'SELL', 10, 585200),
    (585900, 'SELL', 10, 586400),
    (586600, 'SELL', 10, 587100),
    (587400, 'BUY', 10, 587900),
    (588000, 'BUY', 10, 588300),
    (588400, 'SELL', 10, 588600),
    (588700, 'SELL', 10, 589100),
    (589200, 'SELL', 10, 589600),
    (589700, 'SELL', 10, 590200),
    (590300, 'BUY', 10, 590700),
    (591200, 'SELL', 10, 591600),
    (591700, 'SELL', 10, 592200),
    (592300, 'SELL', 10, 592700),
    (592800, 'SELL', 10, 593300),
    (593400, 'BUY', 10, 593600),
    (593700, 'BUY', 10, 594200),
    (594400, 'SELL', 10, 594900),
    (595000, 'BUY', 10, 595500),
    (595600, 'BUY', 10, 596100),
    (596200, 'SELL', 10, 596600),
    (596800, 'BUY', 10, 597000),
    (597100, 'BUY', 10, 597600),
    (597700, 'SELL', 10, 597800),
    (597900, 'BUY', 10, 598400),
    (598500, 'BUY', 10, 598700),
    (598800, 'SELL', 10, 599000),
    (599500, 'SELL', 10, 600000),
    (600100, 'BUY', 10, 600600),
    (600700, 'SELL', 10, 601200),
    (601300, 'SELL', 10, 601800),
    (602200, 'SELL', 10, 602500),
    (602600, 'BUY', 10, 602900),
    (603000, 'BUY', 10, 603200),
    (603300, 'SELL', 10, 603600),
    (603700, 'BUY', 10, 603800),
    (604200, 'BUY', 10, 604700),
    (604800, 'BUY', 10, 605200),
    (605300, 'SELL', 10, 605800),
    (605900, 'BUY', 10, 606300),
    (606400, 'SELL', 10, 606900),
    (607000, 'SELL', 10, 607200),
    (607400, 'SELL', 10, 607800),
    (607900, 'BUY', 10, 608300),
    (608400, 'SELL', 10, 608900),
    (609000, 'BUY', 10, 609100),
    (609300, 'SELL', 10, 609800),
    (609900, 'SELL', 10, 610400),
    (610500, 'BUY', 10, 610600),
    (610700, 'SELL', 10, 611200),
    (611300, 'SELL', 10, 611700),
    (611800, 'SELL', 10, 612200),
    (612300, 'BUY', 10, 612800),
    (613100, 'SELL', 10, 613600),
    (613700, 'BUY', 10, 613800),
    (613900, 'BUY', 10, 614400),
    (614500, 'SELL', 10, 615000),
    (615900, 'BUY', 10, 616400),
    (616500, 'BUY', 10, 616800),
    (616900, 'SELL', 10, 617300),
    (617700, 'SELL', 10, 618000),
    (618200, 'BUY', 10, 618600),
    (618700, 'SELL', 10, 619000),
    (619200, 'SELL', 10, 619400),
    (619500, 'BUY', 10, 619900),
    (620000, 'SELL', 10, 620200),
    (620300, 'BUY', 10, 620800),
    (620900, 'BUY', 10, 621100),
    (621200, 'SELL', 10, 621700),
    (621800, 'SELL', 10, 622100),
    (622400, 'SELL', 10, 622900),
    (623000, 'SELL', 10, 623400),
    (623500, 'BUY', 10, 624000),
    (624100, 'BUY', 10, 624600),
    (624700, 'BUY', 10, 625200),
    (625300, 'SELL', 10, 625700),
    (625800, 'BUY', 10, 626200),
    (626300, 'BUY', 10, 626500),
    (626600, 'BUY', 10, 627100),
    (627200, 'SELL', 10, 627500),
    (627600, 'BUY', 10, 628000),
    (628400, 'SELL', 10, 628600),
    (628700, 'BUY', 10, 629000),
    (629600, 'BUY', 10, 630000),
    (630100, 'BUY', 10, 630500),
    (630600, 'SELL', 10, 631000),
    (631100, 'BUY', 10, 631400),
    (631500, 'BUY', 10, 631700),
    (631800, 'SELL', 10, 632000),
    (632600, 'BUY', 10, 633100),
    (633200, 'BUY', 10, 633700),
    (633800, 'BUY', 10, 634100),
    (634200, 'SELL', 10, 634700),
    (634800, 'BUY', 10, 635200),
    (635400, 'SELL', 10, 635700),
    (635800, 'BUY', 10, 636300),
    (636400, 'SELL', 10, 636700),
    (636800, 'BUY', 10, 637200),
    (637300, 'SELL', 10, 637800),
    (637900, 'SELL', 10, 638000),
    (638100, 'BUY', 10, 638200),
    (638300, 'SELL', 10, 638700),
    (638800, 'SELL', 10, 639100),
    (639200, 'SELL', 10, 639700),
    (639800, 'BUY', 10, 640300),
    (640400, 'SELL', 10, 640700),
    (640800, 'BUY', 10, 641200),
    (641300, 'SELL', 10, 641700),
    (641800, 'BUY', 10, 642000),
    (642100, 'SELL', 10, 642600),
    (642700, 'BUY', 10, 643200),
    (643300, 'SELL', 10, 643600),
    (643800, 'SELL', 10, 644300),
    (644400, 'SELL', 10, 644800),
    (644900, 'SELL', 10, 645100),
    (645200, 'BUY', 10, 645700),
    (645800, 'BUY', 10, 646300),
    (646400, 'SELL', 10, 646900),
    (647000, 'SELL', 10, 647500),
    (647700, 'BUY', 10, 648100),
    (648200, 'BUY', 10, 648600),
    (648800, 'SELL', 10, 649100),
    (649200, 'SELL', 10, 649700),
    (649800, 'SELL', 10, 650000),
    (650200, 'BUY', 10, 650500),
    (650600, 'SELL', 10, 651100),
    (651200, 'BUY', 10, 651500),
    (651600, 'BUY', 10, 652100),
    (652200, 'SELL', 10, 652700),
    (652800, 'SELL', 10, 653000),
    (653100, 'BUY', 10, 653500),
    (653600, 'BUY', 10, 654100),
    (654200, 'SELL', 10, 654300),
    (654400, 'BUY', 10, 654800),
    (654900, 'SELL', 10, 655400),
    (656000, 'SELL', 10, 656500),
    (656600, 'BUY', 10, 657000),
    (657200, 'BUY', 10, 657700),
    (657800, 'BUY', 10, 658000),
    (658100, 'SELL', 10, 658400),
    (658500, 'SELL', 10, 659000),
    (660100, 'SELL', 10, 660200),
    (660500, 'BUY', 10, 660700),
    (660800, 'SELL', 10, 661300),
    (661400, 'SELL', 10, 661900),
    (662000, 'SELL', 10, 662500),
    (662600, 'SELL', 10, 663100),
    (663200, 'BUY', 10, 663400),
    (663500, 'BUY', 10, 664000),
    (664100, 'BUY', 10, 664600),
    (664700, 'SELL', 10, 665200),
    (665300, 'BUY', 10, 665800),
    (665900, 'BUY', 10, 666100),
    (666400, 'BUY', 10, 666900),
    (667000, 'SELL', 10, 667200),
    (667300, 'BUY', 10, 667700),
    (667800, 'SELL', 10, 668100),
    (668200, 'SELL', 10, 668600),
    (668700, 'SELL', 10, 669200),
    (669800, 'BUY', 10, 670100),
    (670200, 'SELL', 10, 670400),
    (670600, 'BUY', 10, 671100),
    (671200, 'BUY', 10, 671400),
    (671500, 'SELL', 10, 672000),
    (672100, 'SELL', 10, 672600),
    (672700, 'BUY', 10, 673200),
    (673300, 'SELL', 10, 673600),
    (673700, 'SELL', 10, 674200),
    (674400, 'SELL', 10, 674800),
    (674900, 'SELL', 10, 675400),
    (675600, 'BUY', 10, 676100),
    (676500, 'SELL', 10, 676700),
    (676800, 'BUY', 10, 677200),
    (677300, 'SELL', 10, 677600),
    (677700, 'BUY', 10, 678100),
    (678200, 'BUY', 10, 678700),
    (678800, 'BUY', 10, 679300),
    (679400, 'SELL', 10, 679900),
    (680000, 'SELL', 10, 680400),
    (680500, 'BUY', 10, 680900),
    (681000, 'BUY', 10, 681500),
    (681600, 'SELL', 10, 682000),
    (682100, 'BUY', 10, 682600),
    (682700, 'SELL', 10, 682900),
    (683000, 'SELL', 10, 683300),
    (683400, 'BUY', 10, 683900),
    (684000, 'BUY', 10, 684500),
    (684600, 'SELL', 10, 684900),
    (685800, 'BUY', 10, 686300),
    (686400, 'BUY', 10, 686900),
    (687000, 'SELL', 10, 687400),
    (687500, 'SELL', 10, 687600),
    (687700, 'SELL', 10, 688200),
    (688300, 'BUY', 10, 688600),
    (688700, 'BUY', 10, 689200),
    (689300, 'SELL', 10, 689600),
    (689700, 'SELL', 10, 690100),
    (690200, 'SELL', 10, 690600),
    (690700, 'SELL', 10, 690800),
    (690900, 'BUY', 10, 691200),
    (691300, 'BUY', 10, 691500),
    (691600, 'SELL', 10, 692100),
    (692200, 'BUY', 10, 692700),
    (692800, 'SELL', 10, 693000),
    (693200, 'SELL', 10, 693700),
    (693800, 'BUY', 10, 694300),
    (694400, 'BUY', 10, 694700),
    (695200, 'SELL', 10, 695600),
    (696100, 'BUY', 10, 696600),
    (696700, 'BUY', 10, 697200),
    (697400, 'BUY', 10, 697500),
    (697600, 'SELL', 10, 698000),
    (698100, 'BUY', 10, 698300),
    (698400, 'SELL', 10, 698800),
    (698900, 'BUY', 10, 699400),
    (699500, 'SELL', 10, 700000),
    (700100, 'BUY', 10, 700300),
    (700400, 'SELL', 10, 700700),
    (700800, 'SELL', 10, 701200),
    (701400, 'SELL', 10, 701900),
    (702000, 'SELL', 10, 702500),
    (702600, 'BUY', 10, 702800),
    (702900, 'SELL', 10, 703300),
    (703400, 'BUY', 10, 703700),
    (703800, 'SELL', 10, 704300),
    (704800, 'BUY', 10, 705300),
    (706000, 'BUY', 10, 706500),
    (706600, 'BUY', 10, 707100),
    (707300, 'BUY', 10, 707800),
    (707900, 'SELL', 10, 708400),
    (708700, 'BUY', 10, 708900),
    (709200, 'BUY', 10, 709400),
    (709500, 'BUY', 10, 710000),
    (710100, 'BUY', 10, 710300),
    (710400, 'BUY', 10, 710900),
    (711000, 'SELL', 10, 711400),
    (711500, 'SELL', 10, 711600),
    (711700, 'BUY', 10, 711800),
    (711900, 'BUY', 10, 712400),
    (712500, 'SELL', 10, 712800),
    (712900, 'BUY', 10, 713400),
    (713500, 'SELL', 10, 713800),
    (713900, 'SELL', 10, 714400),
    (714500, 'SELL', 10, 715000),
    (715100, 'SELL', 10, 715300),
    (715400, 'BUY', 10, 715900),
    (716000, 'BUY', 10, 716300),
    (716400, 'SELL', 10, 716900),
    (717200, 'SELL', 10, 717600),
    (717700, 'BUY', 10, 718000),
    (718100, 'BUY', 10, 718600),
    (718700, 'SELL', 10, 719200),
    (719500, 'BUY', 10, 719600),
    (719800, 'SELL', 10, 720300),
    (720800, 'BUY', 10, 721200),
    (721500, 'BUY', 10, 722000),
    (722100, 'BUY', 10, 722600),
    (722700, 'SELL', 10, 723200),
    (723500, 'SELL', 10, 724000),
    (724100, 'BUY', 10, 724600),
    (724700, 'BUY', 10, 724900),
    (725000, 'SELL', 10, 725500),
    (725600, 'SELL', 10, 726100),
    (726200, 'BUY', 10, 726700),
    (726800, 'BUY', 10, 726900),
    (727000, 'SELL', 10, 727400),
    (727500, 'BUY', 10, 728000),
    (728100, 'BUY', 10, 728600),
    (728700, 'SELL', 10, 729200),
    (729300, 'SELL', 10, 729700),
    (729800, 'SELL', 10, 730200),
    (730700, 'SELL', 10, 731200),
    (731300, 'BUY', 10, 731800),
    (732600, 'SELL', 10, 733100),
    (733200, 'BUY', 10, 733700),
    (733800, 'SELL', 10, 734300),
    (734500, 'SELL', 10, 734800),
    (734900, 'BUY', 10, 735400),
    (735500, 'BUY', 10, 736000),
    (736100, 'SELL', 10, 736500),
    (736900, 'BUY', 10, 737200),
    (737300, 'BUY', 10, 737800),
    (737900, 'BUY', 10, 738300),
    (738400, 'BUY', 10, 738800),
    (739000, 'BUY', 10, 739500),
    (739600, 'SELL', 10, 739700),
    (739800, 'BUY', 10, 740300),
    (740400, 'BUY', 10, 740700),
    (740800, 'SELL', 10, 741300),
    (741400, 'BUY', 10, 741800),
    (741900, 'SELL', 10, 742400),
    (742500, 'SELL', 10, 742900),
    (743000, 'SELL', 10, 743500),
    (743600, 'SELL', 10, 744000),
    (744100, 'SELL', 10, 744500),
    (744600, 'SELL', 10, 745000),
    (745100, 'BUY', 10, 745300),
    (745800, 'SELL', 10, 746300),
    (746400, 'BUY', 10, 746900),
    (747000, 'SELL', 10, 747400),
    (747500, 'SELL', 10, 747800),
    (747900, 'BUY', 10, 748400),
    (748500, 'SELL', 10, 749000),
    (749100, 'BUY', 10, 749300),
    (749400, 'SELL', 10, 749800),
    (749900, 'BUY', 10, 750300),
    (750400, 'BUY', 10, 750900),
    (751000, 'SELL', 10, 751300),
    (751400, 'SELL', 10, 751900),
    (752000, 'BUY', 10, 752500),
    (752600, 'SELL', 10, 752900),
    (753100, 'SELL', 10, 753300),
    (753500, 'SELL', 10, 754000),
    (754200, 'BUY', 10, 754700),
    (755100, 'SELL', 10, 755600),
    (755700, 'SELL', 10, 756200),
    (756400, 'SELL', 10, 756900),
    (757000, 'SELL', 10, 757500),
    (757600, 'BUY', 10, 757800),
    (759400, 'SELL', 10, 759900),
    (760000, 'BUY', 10, 760500),
    (760600, 'BUY', 10, 761000),
    (761100, 'BUY', 10, 761500),
    (761700, 'BUY', 10, 762200),
    (762300, 'SELL', 10, 762600),
    (762800, 'SELL', 10, 763300),
    (763400, 'SELL', 10, 763600),
    (763700, 'BUY', 10, 763900),
    (764400, 'BUY', 10, 764800),
    (764900, 'BUY', 10, 765400),
    (765600, 'BUY', 10, 765700),
    (765800, 'SELL', 10, 766300),
    (766400, 'SELL', 10, 766800),
    (766900, 'BUY', 10, 767300),
    (767400, 'BUY', 10, 767900),
    (768000, 'BUY', 10, 768400),
    (768500, 'BUY', 10, 768900),
    (769000, 'SELL', 10, 769500),
    (769600, 'SELL', 10, 769900),
    (770300, 'SELL', 10, 770800),
    (770900, 'SELL', 10, 771400),
    (771500, 'SELL', 10, 772000),
    (772100, 'SELL', 10, 772600),
    (772700, 'BUY', 10, 773100),
    (773200, 'SELL', 10, 773500),
    (773600, 'SELL', 10, 774100),
    (774800, 'SELL', 10, 775300),
    (775400, 'SELL', 10, 775900),
    (776000, 'BUY', 10, 776300),
    (776400, 'SELL', 10, 776900),
    (777000, 'SELL', 10, 777500),
    (777800, 'BUY', 10, 778000),
    (778100, 'SELL', 10, 778400),
    (778500, 'BUY', 10, 778800),
    (778900, 'BUY', 10, 779200),
    (779300, 'BUY', 10, 779800),
    (780000, 'SELL', 10, 780500),
    (780600, 'BUY', 10, 780900),
    (781500, 'SELL', 10, 782000),
    (782100, 'BUY', 10, 782600),
    (782800, 'SELL', 10, 783000),
    (783100, 'BUY', 10, 783300),
    (783400, 'SELL', 10, 783800),
    (783900, 'BUY', 10, 784400),
    (784500, 'SELL', 10, 784900),
    (785000, 'SELL', 10, 785500),
    (785600, 'BUY', 10, 785900),
    (786000, 'BUY', 10, 786300),
    (786400, 'BUY', 10, 786800),
    (786900, 'SELL', 10, 787300),
    (787500, 'BUY', 10, 787800),
    (787900, 'SELL', 10, 788200),
    (788300, 'BUY', 10, 788800),
    (789400, 'BUY', 10, 789800),
    (790000, 'BUY', 10, 790500),
    (790700, 'BUY', 10, 791200),
    (791300, 'SELL', 10, 791800),
    (792200, 'SELL', 10, 792700),
    (792800, 'SELL', 10, 793000),
    (793200, 'SELL', 10, 793700),
    (793900, 'SELL', 10, 794400),
    (794500, 'BUY', 10, 795000),
    (795100, 'SELL', 10, 795400),
    (795500, 'BUY', 10, 796000),
    (796100, 'BUY', 10, 796300),
    (796400, 'SELL', 10, 796900),
    (797200, 'BUY', 10, 797700),
    (797800, 'SELL', 10, 798300),
    (798400, 'BUY', 10, 798500),
    (798600, 'SELL', 10, 799100),
    (799200, 'BUY', 10, 799600),
    (799700, 'SELL', 10, 800100),
    (800200, 'SELL', 10, 800400),
    (800500, 'BUY', 10, 800800),
    (800900, 'BUY', 10, 801300),
    (801400, 'BUY', 10, 801900),
    (802000, 'BUY', 10, 802400),
    (802500, 'SELL', 10, 802800),
    (803100, 'BUY', 10, 803600),
    (803700, 'SELL', 10, 804200),
    (804300, 'BUY', 10, 804800),
    (804900, 'SELL', 10, 805300),
    (805400, 'SELL', 10, 805600),
    (805800, 'SELL', 10, 806300),
    (806400, 'BUY', 10, 806900),
    (807000, 'BUY', 10, 807400),
    (807500, 'BUY', 10, 808000),
    (808100, 'BUY', 10, 808600),
    (808700, 'BUY', 10, 808900),
    (809000, 'BUY', 10, 809400),
    (809500, 'SELL', 10, 810000),
    (810100, 'BUY', 10, 810500),
    (810600, 'SELL', 10, 811000),
    (811100, 'BUY', 10, 811600),
    (811700, 'SELL', 10, 812000),
    (812100, 'SELL', 10, 812600),
    (812700, 'BUY', 10, 812900),
    (813000, 'BUY', 10, 813200),
    (813400, 'BUY', 10, 813900),
    (814000, 'SELL', 10, 814500),
    (814600, 'SELL', 10, 815100),
    (815200, 'BUY', 10, 815700),
    (815900, 'BUY', 10, 816400),
    (816500, 'BUY', 10, 816900),
    (817000, 'BUY', 10, 817400),
    (817500, 'BUY', 10, 818000),
    (818100, 'BUY', 10, 818600),
    (818700, 'SELL', 10, 819200),
    (819300, 'SELL', 10, 819800),
    (819900, 'BUY', 10, 820400),
    (820500, 'SELL', 10, 820900),
    (821000, 'SELL', 10, 821500),
    (821600, 'BUY', 10, 822100),
    (822200, 'SELL', 10, 822600),
    (822700, 'BUY', 10, 822900),
    (823000, 'SELL', 10, 823400),
    (823500, 'SELL', 10, 824000),
    (824100, 'SELL', 10, 824500),
    (824600, 'SELL', 10, 825100),
    (825200, 'BUY', 10, 825700),
    (825800, 'SELL', 10, 826300),
    (826500, 'SELL', 10, 826700),
    (826900, 'BUY', 10, 827400),
    (827500, 'BUY', 10, 827900),
    (828000, 'SELL', 10, 828400),
    (828500, 'BUY', 10, 828900),
    (829000, 'SELL', 10, 829500),
    (829600, 'BUY', 10, 829900),
    (830000, 'BUY', 10, 830400),
    (830500, 'BUY', 10, 831000),
    (831100, 'SELL', 10, 831600),
    (831800, 'SELL', 10, 832300),
    (832500, 'BUY', 10, 833000),
    (833600, 'SELL', 10, 834100),
    (834200, 'SELL', 10, 834500),
    (834600, 'SELL', 10, 835000),
    (835100, 'BUY', 10, 835600),
    (835700, 'BUY', 10, 836000),
    (836100, 'BUY', 10, 836500),
    (836600, 'BUY', 10, 837100),
    (837200, 'SELL', 10, 837700),
    (837800, 'BUY', 10, 837900),
    (838200, 'BUY', 10, 838700),
    (838800, 'BUY', 10, 839200),
    (839300, 'SELL', 10, 839600),
    (839700, 'SELL', 10, 840200),
    (840300, 'SELL', 10, 840800),
    (840900, 'BUY', 10, 841100),
    (841200, 'BUY', 10, 841700),
    (841800, 'SELL', 10, 842300),
    (842500, 'SELL', 10, 842800),
    (842900, 'SELL', 10, 843400),
    (843700, 'SELL', 10, 843800),
    (844500, 'BUY', 10, 844700),
    (844800, 'BUY', 10, 845200),
    (845300, 'BUY', 10, 845800),
    (845900, 'BUY', 10, 846400),
    (846500, 'SELL', 10, 847000),
    (847200, 'BUY', 10, 847300),
    (847400, 'SELL', 10, 847600),
    (848000, 'BUY', 10, 848500),
    (848600, 'SELL', 10, 848900),
    (849000, 'BUY', 10, 849100),
    (849400, 'SELL', 10, 849900),
    (850000, 'BUY', 10, 850500),
    (850600, 'SELL', 10, 851100),
    (851700, 'SELL', 10, 852200),
    (852300, 'BUY', 10, 852600),
    (852700, 'SELL', 10, 852900),
    (853000, 'BUY', 10, 853500),
    (854300, 'SELL', 10, 854800),
    (854900, 'SELL', 10, 855300),
    (855400, 'BUY', 10, 855900),
    (856000, 'SELL', 10, 856100),
    (856200, 'BUY', 10, 856600),
    (856800, 'SELL', 10, 857100),
    (857200, 'BUY', 10, 857700),
    (857800, 'BUY', 10, 858200),
    (858300, 'BUY', 10, 858800),
    (858900, 'BUY', 10, 859400),
    (859500, 'SELL', 10, 859900),
    (860000, 'SELL', 10, 860400),
    (860600, 'SELL', 10, 861100),
    (861200, 'SELL', 10, 861500),
    (861600, 'BUY', 10, 862100),
    (862200, 'BUY', 10, 862500),
    (862600, 'SELL', 10, 863000),
    (863100, 'BUY', 10, 863500),
    (863600, 'BUY', 10, 863800),
    (863900, 'BUY', 10, 864300),
    (864800, 'BUY', 10, 865300),
    (865400, 'BUY', 10, 865500),
    (865700, 'BUY', 10, 866200),
    (866300, 'BUY', 10, 866800),
    (866900, 'BUY', 10, 867300),
    (867400, 'SELL', 10, 867900),
    (868000, 'SELL', 10, 868400),
    (868700, 'SELL', 10, 869200),
    (869300, 'BUY', 10, 869600),
    (869700, 'SELL', 10, 870000),
    (870100, 'BUY', 10, 870500),
    (870600, 'SELL', 10, 871000),
    (871200, 'BUY', 10, 871700),
    (871800, 'BUY', 10, 872200),
    (872300, 'SELL', 10, 872500),
    (872600, 'BUY', 10, 873000),
    (873100, 'BUY', 10, 873600),
    (873700, 'BUY', 10, 874200),
    (874300, 'SELL', 10, 874700),
    (874800, 'SELL', 10, 875200),
    (875300, 'SELL', 10, 875800),
    (875900, 'BUY', 10, 876400),
    (876500, 'SELL', 10, 876900),
    (877300, 'SELL', 10, 877500),
    (877600, 'BUY', 10, 878100),
    (878200, 'BUY', 10, 878600),
    (878700, 'SELL', 10, 879200),
    (879300, 'BUY', 10, 879700),
    (879800, 'BUY', 10, 880300),
    (880400, 'BUY', 10, 880800),
    (880900, 'BUY', 10, 881400),
    (881500, 'SELL', 10, 882000),
    (882200, 'SELL', 10, 882700),
    (883400, 'BUY', 10, 883900),
    (884000, 'SELL', 10, 884500),
    (884600, 'SELL', 10, 885000),
    (885100, 'BUY', 10, 885400),
    (885500, 'SELL', 10, 885900),
    (886000, 'SELL', 10, 886200),
    (886300, 'BUY', 10, 886700),
    (886800, 'SELL', 10, 887300),
    (887600, 'SELL', 10, 888100),
    (888200, 'BUY', 10, 888600),
    (888800, 'BUY', 10, 889100),
    (889200, 'SELL', 10, 889700),
    (889800, 'SELL', 10, 890200),
    (890300, 'BUY', 10, 890700),
    (890800, 'BUY', 10, 891300),
    (892100, 'SELL', 10, 892600),
    (892700, 'SELL', 10, 893100),
    (893200, 'BUY', 10, 893400),
    (893500, 'SELL', 10, 893800),
    (893900, 'BUY', 10, 894100),
    (894200, 'SELL', 10, 894700),
    (894800, 'BUY', 10, 894900),
    (895000, 'SELL', 10, 895500),
    (896000, 'BUY', 10, 896500),
    (896600, 'BUY', 10, 897100),
    (897200, 'SELL', 10, 897500),
    (897600, 'BUY', 10, 898000),
    (898100, 'SELL', 10, 898600),
    (898700, 'SELL', 10, 899000),
    (899700, 'SELL', 10, 900100),
    (900300, 'SELL', 10, 900800),
    (900900, 'SELL', 10, 901400),
    (901500, 'SELL', 10, 902000),
    (902100, 'BUY', 10, 902600),
    (902700, 'BUY', 10, 903200),
    (903300, 'SELL', 10, 903500),
    (903600, 'SELL', 10, 904100),
    (904200, 'BUY', 10, 904400),
    (904500, 'SELL', 10, 905000),
    (905100, 'SELL', 10, 905600),
    (905700, 'SELL', 10, 906200),
    (906300, 'SELL', 10, 906400),
    (906500, 'BUY', 10, 906900),
    (907000, 'BUY', 10, 907500),
    (907600, 'BUY', 10, 908000),
    (908100, 'BUY', 10, 908600),
    (908700, 'SELL', 10, 909200),
    (909400, 'BUY', 10, 909800),
    (910000, 'SELL', 10, 910500),
    (910600, 'BUY', 10, 910800),
    (910900, 'SELL', 10, 911400),
    (911500, 'BUY', 10, 911900),
    (912000, 'BUY', 10, 912500),
    (912600, 'BUY', 10, 913000),
    (913100, 'SELL', 10, 913200),
    (913300, 'BUY', 10, 913500),
    (913600, 'SELL', 10, 914000),
    (914100, 'SELL', 10, 914600),
    (914700, 'SELL', 10, 914900),
    (915000, 'BUY', 10, 915500),
    (915600, 'BUY', 10, 916100),
    (916400, 'SELL', 10, 916900),
    (917000, 'SELL', 10, 917400),
    (917500, 'BUY', 10, 918000),
    (918300, 'BUY', 10, 918800),
    (919100, 'BUY', 10, 919400),
    (919500, 'BUY', 10, 920000),
    (920200, 'BUY', 10, 920500),
    (920600, 'BUY', 10, 921100),
    (921200, 'SELL', 10, 921700),
    (921800, 'SELL', 10, 922200),
    (922300, 'SELL', 10, 922600),
    (922700, 'BUY', 10, 923200),
    (923300, 'BUY', 10, 923600),
    (923700, 'SELL', 10, 924100),
    (924200, 'SELL', 10, 924700),
    (924800, 'SELL', 10, 925000),
    (925300, 'SELL', 10, 925800),
    (926100, 'SELL', 10, 926400),
    (926600, 'BUY', 10, 927100),
    (927400, 'SELL', 10, 927900),
    (928000, 'BUY', 10, 928200),
    (928400, 'BUY', 10, 928800),
    (929000, 'SELL', 10, 929500),
    (929600, 'SELL', 10, 930100),
    (930200, 'BUY', 10, 930500),
    (930600, 'SELL', 10, 931100),
    (931200, 'BUY', 10, 931700),
    (931900, 'BUY', 10, 932400),
    (932500, 'BUY', 10, 933000),
    (933200, 'SELL', 10, 933700),
    (933900, 'BUY', 10, 934400),
    (934500, 'SELL', 10, 934800),
    (934900, 'BUY', 10, 935100),
    (935200, 'SELL', 10, 935400),
    (935500, 'BUY', 10, 935900),
    (936100, 'BUY', 10, 936200),
    (936300, 'SELL', 10, 936800),
    (936900, 'SELL', 10, 937100),
    (937200, 'BUY', 10, 937700),
    (937800, 'SELL', 10, 938300),
    (938400, 'SELL', 10, 938600),
    (938700, 'BUY', 10, 939000),
    (939100, 'SELL', 10, 939500),
    (939600, 'SELL', 10, 940000),
    (940300, 'SELL', 10, 940800),
    (940900, 'BUY', 10, 941300),
    (941500, 'SELL', 10, 941800),
    (942100, 'SELL', 10, 942200),
    (942700, 'BUY', 10, 943000),
    (943100, 'SELL', 10, 943600),
    (943700, 'BUY', 10, 944100),
    (944200, 'SELL', 10, 944500),
    (944600, 'BUY', 10, 945000),
    (945300, 'BUY', 10, 945800),
    (945900, 'BUY', 10, 946100),
    (946300, 'BUY', 10, 946800),
    (946900, 'SELL', 10, 947300),
    (947400, 'SELL', 10, 947900),
    (948200, 'BUY', 10, 948300),
    (948400, 'BUY', 10, 948900),
    (949000, 'SELL', 10, 949500),
    (950300, 'SELL', 10, 950700),
    (950800, 'SELL', 10, 951200),
    (951300, 'BUY', 10, 951800),
    (952300, 'BUY', 10, 952800),
    (953000, 'BUY', 10, 953400),
    (953500, 'SELL', 10, 954000),
    (954100, 'SELL', 10, 954600),
    (954700, 'SELL', 10, 955000),
    (955100, 'BUY', 10, 955600),
    (955700, 'SELL', 10, 955900),
    (956100, 'SELL', 10, 956600),
    (956700, 'SELL', 10, 957200),
    (957300, 'SELL', 10, 957600),
    (958300, 'SELL', 10, 958800),
    (958900, 'SELL', 10, 959300),
    (959400, 'SELL', 10, 959700),
    (959800, 'BUY', 10, 960000),
    (960100, 'BUY', 10, 960600),
    (960900, 'BUY', 10, 961000),
    (961300, 'BUY', 10, 961800),
    (961900, 'BUY', 10, 962400),
    (962500, 'BUY', 10, 963000),
    (963100, 'BUY', 10, 963600),
    (963700, 'BUY', 10, 964200),
    (964300, 'BUY', 10, 964600),
    (964700, 'SELL', 10, 965000),
    (965100, 'BUY', 10, 965600),
    (965800, 'SELL', 10, 966100),
    (966300, 'BUY', 10, 966800),
    (966900, 'BUY', 10, 967400),
    (967500, 'BUY', 10, 967700),
    (967800, 'SELL', 10, 968100),
    (968200, 'BUY', 10, 968500),
    (969100, 'SELL', 10, 969600),
    (969800, 'SELL', 10, 970100),
    (970200, 'SELL', 10, 970500),
    (970600, 'BUY', 10, 971000),
    (971100, 'BUY', 10, 971600),
    (971700, 'BUY', 10, 972000),
    (972100, 'BUY', 10, 972500),
    (972600, 'BUY', 10, 973000),
    (973100, 'SELL', 10, 973500),
    (973700, 'SELL', 10, 974200),
    (974300, 'SELL', 10, 974800),
    (974900, 'BUY', 10, 975400),
    (975500, 'BUY', 10, 975800),
    (975900, 'SELL', 10, 976400),
    (976500, 'SELL', 10, 977000),
    (977200, 'BUY', 10, 977700),
    (977900, 'BUY', 10, 978200),
    (978300, 'BUY', 10, 978700),
    (979800, 'BUY', 10, 980300),
    (980500, 'SELL', 10, 981000),
    (981100, 'BUY', 10, 981500),
    (981600, 'BUY', 10, 982000),
    (982100, 'SELL', 10, 982400),
    (982500, 'BUY', 10, 983000),
    (983100, 'SELL', 10, 983500),
    (983600, 'SELL', 10, 983900),
    (984000, 'BUY', 10, 984500),
    (984600, 'BUY', 10, 984900),
    (985000, 'BUY', 10, 985200),
    (985300, 'SELL', 10, 985700),
    (986000, 'SELL', 10, 986500),
    (986900, 'SELL', 10, 987000),
    (987400, 'BUY', 10, 987900),
    (988100, 'BUY', 10, 988600),
    (988700, 'BUY', 10, 989000),
    (989200, 'SELL', 10, 989600),
    (989800, 'BUY', 10, 990300),
    (990400, 'SELL', 10, 990600),
    (990800, 'BUY', 10, 991300),
    (991400, 'SELL', 10, 991700),
    (991800, 'SELL', 10, 992100),
    (992300, 'BUY', 10, 992800),
    (992900, 'SELL', 10, 993400),
    (993900, 'SELL', 10, 994200),
    (994300, 'BUY', 10, 994700),
    (994800, 'SELL', 10, 995100),
    (995200, 'BUY', 10, 995300),
    (995400, 'SELL', 10, 995800),
    (995900, 'BUY', 10, 996100),
    (996300, 'SELL', 10, 996800),
    (996900, 'SELL', 10, 997400),
    (997500, 'BUY', 10, 997800),
    (997900, 'SELL', 10, 998100),
    (998200, 'SELL', 10, 998700),
    (998800, 'BUY', 10, 999100),
]
